e = 100:20:140;
w = 